# Nota: C-Order, 1 refers to the Y axis, 2 to the X axis
# Calibration done at Sat Jan 18 16:58:23 2025
poni_version: 2.1
Detector: Pilatus100k
Detector_config: {"orientation": 3}
Distance: 0.15768496156055517
Poni1: 0.01846849792105989
Poni2: 0.014689110424981307
Rot1: -0.5666082591692108
Rot2: -0.0014812675151785156
Rot3: 0.0
Wavelength: 1.0332016536100021e-10
